控制参数综合性能排名报告
========================

各阶段权重:
- ACCELERATE: 25%
- DECELERATE: 20%
- STATIONARY: 5%
- SUDDEN_ACCELERATE: 40%
- SUDDEN_STOP: 10%

综合排名（前 20 名）:
 ParamID ControlType  k_p   k_i   k_d  WeightedPerformanceScore  Rank
     241         PID 0.14 0.070 0.150                 23.474151     1
     210         PID 0.13 0.075 0.250                 23.762101     2
     247         PID 0.14 0.075 0.175                 23.770278     3
     245         PID 0.14 0.070 0.250                 24.347295     4
     202         PID 0.13 0.070 0.175                 24.702514     5
     165         PID 0.12 0.070 0.250                 24.923093     6
     123         PID 0.11 0.070 0.200                 25.321222     7
     265         PID 0.14 0.090 0.250                 25.924558     8
     243         PID 0.14 0.070 0.200                 25.948866     9
     242         PID 0.14 0.070 0.175                 26.241827    10
     180         PID 0.12 0.085 0.250                 26.567713    11
     251         PID 0.14 0.080 0.150                 26.696590    12
     244         PID 0.14 0.070 0.225                 26.972870    13
     122         PID 0.11 0.070 0.175                 27.103865    14
     207         PID 0.13 0.075 0.175                 27.355472    15
     248         PID 0.14 0.075 0.200                 27.548410    16
     206         PID 0.13 0.075 0.150                 27.691601    17
     125         PID 0.11 0.070 0.250                 27.809652    18
     203         PID 0.13 0.070 0.200                 27.874813    19
     170         PID 0.12 0.075 0.250                 28.138752    20

参数出现次数统计（前 20% 综合排名）:

参数 k_p 的出现次数:
k_p
0.08     1
0.09     3
0.10     5
0.11     6
0.12    13
0.13    19
0.14    20

参数 k_i 的出现次数:
k_i
0.070    21
0.075    20
0.080    11
0.085     7
0.090     6
0.100     2

参数 k_d 的出现次数:
k_d
0.150    11
0.175    12
0.200    14
0.225    11
0.250    19

报告结束。
